------------------------------------------------------------
Client connecting to 11,0,0,18, TCP port 5001
TCP window size: 45,0 KByte (default)
------------------------------------------------------------
[  3] local 11,0,0,17 port 38028 connected with 11,0,0,18 port 5001
[ ID] Interval       Transfer     Bandwidth
[  3]  0,0- 1,0 sec  97,2 MBytes   816 Mbits/sec
[  3]  1,0- 2,0 sec   173 MBytes  1,45
[  3]  2,0- 3,0 sec   185 MBytes  1,55
[  3]  3,0- 4,0 sec   172 MBytes  1,45
[  3]  4,0- 5,0 sec   177 MBytes  1,49
[  3]  5,0- 6,0 sec   178 MBytes  1,49
[  3]  6,0- 7,0 sec   174 MBytes  1,46
[  3]  7,0- 8,0 sec   176 MBytes  1,48
[  3]  8,0- 9,0 sec   160 MBytes  1,35
[  3]  9,0-10,0 sec   160 MBytes  1,34
1,40
1,48
1,48
1,40
1,33
1,43
1,48
1,47
1,46
1,39
1,43
1,49
1,51
1,45
1,43
1,44
1,52
1,51
1,56
1,40
1,41
1,48
1,51
1,55
1,44
1,39
1,47
1,52
1,52
1,45
1,39
1,45
1,50
1,51
1,37
1,32
1,52
1,52
1,53
1,37
1,42
1,49
1,57
1,54
1,39
1,37
1,46
1,48
1,49
1,42
[  3]  0,0-60,0 sec  10,1 GBytes  1,45
------------------------------------------------------------
Client connecting to 11,0,0,18, TCP port 5001
TCP window size: 45,0 KByte (default)
------------------------------------------------------------
[  3] local 11,0,0,17 port 38029 connected with 11,0,0,18 port 5001
[ ID] Interval       Transfer     Bandwidth
[  3]  0,0- 1,0 sec   166 MBytes  1,39
[  3]  1,0- 2,0 sec   170 MBytes  1,43
[  3]  2,0- 3,0 sec   158 MBytes  1,33
[  3]  3,0- 4,0 sec   183 MBytes  1,53
[  3]  4,0- 5,0 sec   182 MBytes  1,53
[  3]  5,0- 6,0 sec   180 MBytes  1,51
[  3]  6,0- 7,0 sec   172 MBytes  1,44
[  3]  7,0- 8,0 sec   165 MBytes  1,39
[  3]  8,0- 9,0 sec   178 MBytes  1,50
[  3]  9,0-10,0 sec   182 MBytes  1,53
1,52
1,48
1,40
1,42
1,47
1,52
1,51
1,40
1,44
1,70
1,70
1,63
1,71
1,76
1,80
1,68
1,68
1,75
1,81
1,77
1,63
1,70
1,72
1,76
1,74
1,69
1,75
1,82
1,84
1,68
1,71
1,80
1,81
1,83
1,65
1,67
1,73
1,76
1,73
1,57
1,69
1,75
1,75
1,66
1,67
1,72
1,76
1,82
1,67
1,73
[  3]  0,0-60,0 sec  11,5 GBytes  1,64
------------------------------------------------------------
Client connecting to 11,0,0,18, TCP port 5001
TCP window size: 45,0 KByte (default)
------------------------------------------------------------
[  3] local 11,0,0,17 port 38030 connected with 11,0,0,18 port 5001
[ ID] Interval       Transfer     Bandwidth
[  3]  0,0- 1,0 sec   190 MBytes  1,59
[  3]  1,0- 2,0 sec   177 MBytes  1,49
[  3]  2,0- 3,0 sec   178 MBytes  1,50
[  3]  3,0- 4,0 sec   178 MBytes  1,49
[  3]  4,0- 5,0 sec   168 MBytes  1,41
[  3]  5,0- 6,0 sec   166 MBytes  1,39
[  3]  6,0- 7,0 sec   175 MBytes  1,46
[  3]  7,0- 8,0 sec   181 MBytes  1,52
[  3]  8,0- 9,0 sec   180 MBytes  1,51
[  3]  9,0-10,0 sec   165 MBytes  1,39
1,43
1,47
1,53
1,54
1,44
1,42
1,46
1,49
1,52
1,46
1,40
1,41
1,50
1,52
1,48
1,42
1,46
1,51
1,53
1,54
1,40
1,44
1,50
1,61
2,01
1,99
1,93
1,99
1,97
1,93
1,98
2,00
1,98
1,78
1,81
1,71
1,67
1,71
1,73
1,72
1,62
1,65
1,73
1,74
1,83
1,65
1,75
1,76
1,85
1,75
[  3]  0,0-60,0 sec  11,4 GBytes  1,62
------------------------------------------------------------
Client connecting to 11,0,0,18, TCP port 5001
TCP window size: 45,0 KByte (default)
------------------------------------------------------------
[  3] local 11,0,0,17 port 38031 connected with 11,0,0,18 port 5001
[ ID] Interval       Transfer     Bandwidth
[  3]  0,0- 1,0 sec   189 MBytes  1,59
[  3]  1,0- 2,0 sec   176 MBytes  1,48
[  3]  2,0- 3,0 sec   176 MBytes  1,47
[  3]  3,0- 4,0 sec   171 MBytes  1,43
[  3]  4,0- 5,0 sec   162 MBytes  1,36
[  3]  5,0- 6,0 sec   161 MBytes  1,35
[  3]  6,0- 7,0 sec   165 MBytes  1,38
[  3]  7,0- 8,0 sec   175 MBytes  1,47
[  3]  8,0- 9,0 sec   177 MBytes  1,48
[  3]  9,0-10,0 sec   164 MBytes  1,38
1,43
1,48
1,55
1,55
1,38
1,35
1,53
1,52
1,52
1,42
1,46
1,52
1,54
1,53
1,41
1,41
1,47
1,51
1,53
1,40
1,34
1,51
1,54
1,52
1,37
1,41
1,49
1,70
1,73
1,71
1,78
1,69
1,61
1,66
1,76
1,81
1,71
1,73
1,79
1,81
1,82
1,65
1,71
1,75
1,79
1,76
1,72
1,75
1,81
1,81
[  3]  0,0-60,0 sec  11,0 GBytes  1,57
------------------------------------------------------------
Client connecting to 11,0,0,18, TCP port 5001
TCP window size: 45,0 KByte (default)
------------------------------------------------------------
[  3] local 11,0,0,17 port 38032 connected with 11,0,0,18 port 5001
[ ID] Interval       Transfer     Bandwidth
[  3]  0,0- 1,0 sec   192 MBytes  1,61
[  3]  1,0- 2,0 sec   185 MBytes  1,55
[  3]  2,0- 3,0 sec   173 MBytes  1,45
[  3]  3,0- 4,0 sec   163 MBytes  1,37
[  3]  4,0- 5,0 sec   180 MBytes  1,51
[  3]  5,0- 6,0 sec   180 MBytes  1,51
[  3]  6,0- 7,0 sec   178 MBytes  1,50
[  3]  7,0- 8,0 sec   170 MBytes  1,42
[  3]  8,0- 9,0 sec   170 MBytes  1,43
[  3]  9,0-10,0 sec   175 MBytes  1,47
1,51
1,54
1,47
1,36
1,42
1,45
1,50
1,50
1,42
1,44
1,50
1,50
1,53
1,38
1,46
1,47
1,53
1,57
1,48
1,44
1,46
1,51
1,57
1,52
1,44
1,45
1,52
1,52
1,53
1,38
1,39
1,44
1,44
1,46
1,47
1,41
1,44
1,50
1,54
1,49
1,39
1,41
1,48
1,57
1,46
1,40
1,44
1,44
1,51
1,52
[  3]  0,0-60,0 sec  10,3 GBytes  1,47
------------------------------------------------------------
Client connecting to 11,0,0,18, TCP port 5001
TCP window size: 45,0 KByte (default)
------------------------------------------------------------
[  3] local 11,0,0,17 port 38033 connected with 11,0,0,18 port 5001
[ ID] Interval       Transfer     Bandwidth
[  3]  0,0- 1,0 sec   162 MBytes  1,36
[  3]  1,0- 2,0 sec   176 MBytes  1,48
[  3]  2,0- 3,0 sec   184 MBytes  1,54
[  3]  3,0- 4,0 sec   173 MBytes  1,45
[  3]  4,0- 5,0 sec   167 MBytes  1,40
[  3]  5,0- 6,0 sec   168 MBytes  1,41
[  3]  6,0- 7,0 sec   174 MBytes  1,46
[  3]  7,0- 8,0 sec   180 MBytes  1,51
[  3]  8,0- 9,0 sec   174 MBytes  1,46
[  3]  9,0-10,0 sec   168 MBytes  1,41
1,46
1,49
1,56
1,50
1,37
1,42
1,50
1,52
1,49
1,38
1,47
1,52
1,50
1,54
1,37
1,37
1,51
1,54
1,54
1,40
1,45
1,48
1,54
1,54
1,43
1,39
1,52
1,56
1,50
1,43
1,37
1,40
1,48
1,49
1,48
1,37
1,47
1,52
1,54
1,47
1,41
1,46
1,52
1,51
1,48
1,37
1,44
1,45
1,52
1,49
[  3]  0,0-60,0 sec  10,2 GBytes  1,47
------------------------------------------------------------
Client connecting to 11,0,0,18, TCP port 5001
TCP window size: 45,0 KByte (default)
------------------------------------------------------------
[  3] local 11,0,0,17 port 38034 connected with 11,0,0,18 port 5001
[ ID] Interval       Transfer     Bandwidth
[  3]  0,0- 1,0 sec   157 MBytes  1,32
[  3]  1,0- 2,0 sec   184 MBytes  1,54
[  3]  2,0- 3,0 sec   182 MBytes  1,52
[  3]  3,0- 4,0 sec   170 MBytes  1,43
[  3]  4,0- 5,0 sec   168 MBytes  1,41
[  3]  5,0- 6,0 sec   171 MBytes  1,43
[  3]  6,0- 7,0 sec   176 MBytes  1,48
[  3]  7,0- 8,0 sec   181 MBytes  1,52
[  3]  8,0- 9,0 sec   173 MBytes  1,45
[  3]  9,0-10,0 sec   167 MBytes  1,40
1,45
1,54
1,56
1,50
1,43
1,45
1,52
1,49
1,55
1,40
1,44
1,48
1,52
1,53
1,42
1,39
1,49
1,51
1,57
1,41
1,45
1,48
1,54
1,52
1,44
1,43
1,49
1,53
1,49
1,45
1,40
1,41
1,48
1,48
1,50
1,39
1,44
1,49
1,56
1,55
1,38
1,40
1,48
1,54
1,53
1,40
1,42
1,50
1,55
1,58
[  3]  0,0-60,0 sec  10,3 GBytes  1,47
------------------------------------------------------------
Client connecting to 11,0,0,18, TCP port 5001
TCP window size: 45,0 KByte (default)
------------------------------------------------------------
[  3] local 11,0,0,17 port 38035 connected with 11,0,0,18 port 5001
[ ID] Interval       Transfer     Bandwidth
[  3]  0,0- 1,0 sec   172 MBytes  1,44
[  3]  1,0- 2,0 sec   172 MBytes  1,44
[  3]  2,0- 3,0 sec   162 MBytes  1,36
[  3]  3,0- 4,0 sec   174 MBytes  1,46
[  3]  4,0- 5,0 sec   177 MBytes  1,49
[  3]  5,0- 6,0 sec   181 MBytes  1,52
[  3]  6,0- 7,0 sec   175 MBytes  1,47
[  3]  7,0- 8,0 sec   167 MBytes  1,40
[  3]  8,0- 9,0 sec   178 MBytes  1,49
[  3]  9,0-10,0 sec   181 MBytes  1,52
1,55
1,48
1,42
1,45
1,51
1,54
1,54
1,39
1,39
1,64
1,80
1,64
1,74
1,78
1,81
1,73
1,67
1,72
1,76
1,80
1,75
1,81
1,75
1,82
1,77
1,69
1,76
1,80
1,70
1,65
1,68
1,68
1,72
1,75
1,65
1,67
1,75
1,79
1,76
1,65
1,73
1,78
1,81
1,73
1,67
1,72
1,80
1,85
1,69
1,75
[  3]  0,0-60,0 sec  11,5 GBytes  1,65
------------------------------------------------------------
Client connecting to 11,0,0,18, TCP port 5001
TCP window size: 45,0 KByte (default)
------------------------------------------------------------
[  3] local 11,0,0,17 port 38036 connected with 11,0,0,18 port 5001
[ ID] Interval       Transfer     Bandwidth
[  3]  0,0- 1,0 sec   188 MBytes  1,58
[  3]  1,0- 2,0 sec   178 MBytes  1,49
[  3]  2,0- 3,0 sec   182 MBytes  1,53
[  3]  3,0- 4,0 sec   164 MBytes  1,37
[  3]  4,0- 5,0 sec   167 MBytes  1,40
[  3]  5,0- 6,0 sec   172 MBytes  1,44
[  3]  6,0- 7,0 sec   177 MBytes  1,48
[  3]  7,0- 8,0 sec   174 MBytes  1,46
[  3]  8,0- 9,0 sec   168 MBytes  1,41
[  3]  9,0-10,0 sec   172 MBytes  1,44
1,48
1,48
1,54
1,37
1,41
1,44
1,54
1,55
1,39
1,40
1,46
1,47
1,50
1,37
1,40
1,43
1,46
1,49
1,37
1,36
1,39
1,43
1,48
1,44
1,40
1,44
1,48
1,53
1,47
1,39
1,48
1,50
1,48
1,33
1,48
1,44
1,52
1,45
1,40
1,41
1,45
1,47
1,47
1,41
1,37
1,48
1,55
1,48
1,40
1,42
[  3]  0,0-60,0 sec  10,1 GBytes  1,45
------------------------------------------------------------
Client connecting to 11,0,0,18, TCP port 5001
TCP window size: 45,0 KByte (default)
------------------------------------------------------------
[  3] local 11,0,0,17 port 38037 connected with 11,0,0,18 port 5001
[ ID] Interval       Transfer     Bandwidth
[  3]  0,0- 1,0 sec   160 MBytes  1,34
[  3]  1,0- 2,0 sec   175 MBytes  1,46
[  3]  2,0- 3,0 sec   182 MBytes  1,53
[  3]  3,0- 4,0 sec   172 MBytes  1,44
[  3]  4,0- 5,0 sec   167 MBytes  1,40
[  3]  5,0- 6,0 sec   176 MBytes  1,48
[  3]  6,0- 7,0 sec   180 MBytes  1,51
[  3]  7,0- 8,0 sec   182 MBytes  1,53
[  3]  8,0- 9,0 sec   170 MBytes  1,43
[  3]  9,0-10,0 sec   165 MBytes  1,38
1,55
1,59
1,54
1,43
1,44
1,50
1,56
1,48
1,35
1,46
1,51
1,50
1,44
1,40
1,42
1,48
1,45
1,42
1,39
1,44
1,48
1,54
1,50
1,39
1,48
1,53
1,55
1,47
1,39
1,47
1,53
1,53
1,42
1,38
1,50
1,50
1,49
1,39
1,39
1,41
1,48
1,49
1,46
1,40
1,42
1,52
1,52
1,43
1,41
1,45
[  3]  0,0-60,0 sec  10,2 GBytes  1,46
------------------------------------------------------------
Client connecting to 11,0,0,21, TCP port 5001
TCP window size: 45,0 KByte (default)
------------------------------------------------------------
[  3] local 11,0,0,17 port 40737 connected with 11,0,0,21 port 5001
[ ID] Interval       Transfer     Bandwidth
[  3]  0,0- 1,0 sec  1,12 GBytes  9,63
[  3]  1,0- 2,0 sec  1,60 GBytes  13,8
[  3]  2,0- 3,0 sec  1,88 GBytes  16,2
[  3]  3,0- 4,0 sec  1,94 GBytes  16,6
[  3]  4,0- 5,0 sec  1,93 GBytes  16,6
[  3]  5,0- 6,0 sec  1,96 GBytes  16,8
[  3]  6,0- 7,0 sec  1,95 GBytes  16,8
[  3]  7,0- 8,0 sec  1,94 GBytes  16,7
[  3]  8,0- 9,0 sec  1,96 GBytes  16,8
[  3]  9,0-10,0 sec  1,96 GBytes  16,8
16,7
16,7
16,7
16,7
16,7
16,7
16,7
16,7
16,7
16,7
15,2
16,0
16,2
16,8
16,9
16,8
16,7
16,7
16,9
16,9
16,9
16,8
16,7
16,8
16,7
16,8
16,7
16,8
16,8
16,8
16,7
16,7
16,7
16,7
16,8
16,9
16,8
16,8
16,7
16,7
16,7
16,7
16,7
16,8
16,7
16,9
16,9
15,2
16,1
14,8
[  3]  0,0-60,0 sec   115 GBytes  16,5
------------------------------------------------------------
Client connecting to 11,0,0,21, TCP port 5001
TCP window size: 45,0 KByte (default)
------------------------------------------------------------
[  3] local 11,0,0,17 port 40738 connected with 11,0,0,21 port 5001
[ ID] Interval       Transfer     Bandwidth
[  3]  0,0- 1,0 sec  1,70 GBytes  14,6
[  3]  1,0- 2,0 sec  1,77 GBytes  15,2
[  3]  2,0- 3,0 sec  1,95 GBytes  16,8
[  3]  3,0- 4,0 sec  1,95 GBytes  16,7
[  3]  4,0- 5,0 sec  1,97 GBytes  16,9
[  3]  5,0- 6,0 sec  1,97 GBytes  16,9
[  3]  6,0- 7,0 sec  1,96 GBytes  16,8
[  3]  7,0- 8,0 sec  1,95 GBytes  16,7
[  3]  8,0- 9,0 sec  1,55 GBytes  13,3
[  3]  9,0-10,0 sec  1,50 GBytes  12,9
15,0
16,9
11,4
12,8
14,9
16,4
14,5
16,3
15,0
15,3
16,2
16,7
16,7
16,6
16,6
16,7
16,8
16,7
16,8
16,8
16,6
16,6
16,6
16,6
16,6
16,6
16,8
16,7
16,7
16,7
16,7
16,7
16,7
16,7
16,6
16,6
16,6
16,6
16,9
16,8
16,7
16,7
16,6
16,6
16,6
16,7
16,7
16,7
16,7
16,7
[  3]  0,0-60,0 sec   113 GBytes  16,2
------------------------------------------------------------
Client connecting to 11,0,0,21, TCP port 5001
TCP window size: 45,0 KByte (default)
------------------------------------------------------------
[  3] local 11,0,0,17 port 40739 connected with 11,0,0,21 port 5001
[ ID] Interval       Transfer     Bandwidth
[  3]  0,0- 1,0 sec  1,94 GBytes  16,7
[  3]  1,0- 2,0 sec  1,96 GBytes  16,9
[  3]  2,0- 3,0 sec  1,95 GBytes  16,8
[  3]  3,0- 4,0 sec  1,95 GBytes  16,8
[  3]  4,0- 5,0 sec  1,96 GBytes  16,9
[  3]  5,0- 6,0 sec  1,96 GBytes  16,9
[  3]  6,0- 7,0 sec  1,97 GBytes  16,9
[  3]  7,0- 8,0 sec  1,96 GBytes  16,8
[  3]  8,0- 9,0 sec  1,94 GBytes  16,7
[  3]  9,0-10,0 sec  1,94 GBytes  16,7
13,5
15,6
16,4
16,7
15,0
16,8
16,6
13,9
10,2
14,1
16,1
17,0
11,5
13,2
13,3
16,2
9,69
12,9
12,1
10,1
14,0
16,3
16,8
16,8
16,7
16,7
16,8
16,8
16,8
16,8
16,7
16,8
16,8
16,8
16,7
16,7
13,3
13,2
14,9
16,6
16,6
16,6
16,6
16,6
16,6
16,6
16,9
16,8
16,7
16,6
[  3]  0,0-60,0 sec   109 GBytes  15,6
------------------------------------------------------------
Client connecting to 11,0,0,21, TCP port 5001
TCP window size: 45,0 KByte (default)
------------------------------------------------------------
[  3] local 11,0,0,17 port 40740 connected with 11,0,0,21 port 5001
[ ID] Interval       Transfer     Bandwidth
[  3]  0,0- 1,0 sec  1,92 GBytes  16,5
[  3]  1,0- 2,0 sec  1,94 GBytes  16,7
[  3]  2,0- 3,0 sec  1,94 GBytes  16,7
[  3]  3,0- 4,0 sec  1,94 GBytes  16,7
[  3]  4,0- 5,0 sec  1,94 GBytes  16,7
[  3]  5,0- 6,0 sec  1,94 GBytes  16,7
[  3]  6,0- 7,0 sec  1,94 GBytes  16,7
[  3]  7,0- 8,0 sec  1,94 GBytes  16,7
[  3]  8,0- 9,0 sec  1,95 GBytes  16,8
[  3]  9,0-10,0 sec  1,96 GBytes  16,8
16,8
16,7
16,7
16,7
16,7
16,7
16,7
16,7
16,7
16,9
16,9
16,8
16,7
16,6
16,2
16,3
16,3
16,9
16,7
16,7
16,7
16,7
14,0
16,8
16,6
16,7
16,7
16,7
16,6
16,6
16,6
14,9
16,3
16,2
16,7
16,6
16,6
16,6
16,7
16,7
16,8
16,9
16,9
16,8
16,7
16,7
15,0
15,3
16,3
16,8
[  3]  0,0-60,0 sec   116 GBytes  16,5
------------------------------------------------------------
Client connecting to 11,0,0,21, TCP port 5001
TCP window size: 45,0 KByte (default)
------------------------------------------------------------
[  3] local 11,0,0,17 port 40741 connected with 11,0,0,21 port 5001
[ ID] Interval       Transfer     Bandwidth
[  3]  0,0- 1,0 sec  1,97 GBytes  16,9
[  3]  1,0- 2,0 sec  1,98 GBytes  17,0
[  3]  2,0- 3,0 sec  1,97 GBytes  16,9
[  3]  3,0- 4,0 sec  1,96 GBytes  16,8
[  3]  4,0- 5,0 sec  1,96 GBytes  16,8
[  3]  5,0- 6,0 sec  1,97 GBytes  16,9
[  3]  6,0- 7,0 sec  1,97 GBytes  16,9
[  3]  7,0- 8,0 sec  1,97 GBytes  16,9
[  3]  8,0- 9,0 sec  1,96 GBytes  16,9
[  3]  9,0-10,0 sec  1,96 GBytes  16,9
16,8
16,9
16,9
16,9
16,9
16,8
16,2
15,3
16,1
16,6
16,9
16,9
16,8
16,6
16,6
16,6
16,8
16,9
16,8
15,0
14,0
16,3
16,3
16,8
16,7
16,7
16,6
16,6
16,5
16,6
16,5
16,6
16,6
16,6
16,6
16,7
16,8
16,8
16,8
16,7
16,6
16,6
16,6
16,7
16,9
16,9
16,8
16,7
16,7
16,7
[  3]  0,0-60,0 sec   116 GBytes  16,6
------------------------------------------------------------
Client connecting to 11,0,0,21, TCP port 5001
TCP window size: 45,0 KByte (default)
------------------------------------------------------------
[  3] local 11,0,0,17 port 40742 connected with 11,0,0,21 port 5001
[ ID] Interval       Transfer     Bandwidth
[  3]  0,0- 1,0 sec  1,93 GBytes  16,6
[  3]  1,0- 2,0 sec  1,94 GBytes  16,7
[  3]  2,0- 3,0 sec  1,94 GBytes  16,6
[  3]  3,0- 4,0 sec  1,94 GBytes  16,7
[  3]  4,0- 5,0 sec  1,94 GBytes  16,7
[  3]  5,0- 6,0 sec  1,94 GBytes  16,7
[  3]  6,0- 7,0 sec  1,94 GBytes  16,7
[  3]  7,0- 8,0 sec  1,95 GBytes  16,7
[  3]  8,0- 9,0 sec  1,96 GBytes  16,8
[  3]  9,0-10,0 sec  1,96 GBytes  16,8
16,7
16,6
16,8
16,8
16,8
16,7
16,6
16,7
16,6
16,6
16,7
16,8
16,7
16,7
16,6
16,6
14,2
16,4
16,6
16,8
16,7
16,6
13,2
11,4
15,1
16,7
16,6
16,6
16,6
16,8
16,8
16,8
16,8
16,8
16,8
16,8
16,7
16,6
16,6
16,6
16,6
16,6
16,5
16,6
16,6
16,8
16,8
16,7
16,7
16,7
[  3]  0,0-60,0 sec   115 GBytes  16,5
------------------------------------------------------------
Client connecting to 11,0,0,21, TCP port 5001
TCP window size: 45,0 KByte (default)
------------------------------------------------------------
[  3] local 11,0,0,17 port 40743 connected with 11,0,0,21 port 5001
[ ID] Interval       Transfer     Bandwidth
[  3]  0,0- 1,0 sec  1,93 GBytes  16,5
[  3]  1,0- 2,0 sec  1,94 GBytes  16,7
[  3]  2,0- 3,0 sec  1,95 GBytes  16,7
[  3]  3,0- 4,0 sec  1,96 GBytes  16,8
[  3]  4,0- 5,0 sec  1,95 GBytes  16,8
[  3]  5,0- 6,0 sec  1,95 GBytes  16,8
[  3]  6,0- 7,0 sec  1,94 GBytes  16,7
[  3]  7,0- 8,0 sec  1,94 GBytes  16,7
[  3]  8,0- 9,0 sec  1,94 GBytes  16,7
[  3]  9,0-10,0 sec  1,94 GBytes  16,7
16,8
16,8
16,7
16,7
16,7
16,7
16,7
16,7
16,7
16,6
14,7
15,0
16,3
16,3
16,8
16,9
16,9
16,8
16,7
16,7
16,9
16,9
14,0
16,3
16,5
16,8
16,6
16,6
16,6
16,6
16,7
16,9
16,8
14,1
16,2
16,2
16,7
14,9
16,3
16,4
16,9
16,8
16,8
16,8
16,8
16,9
16,9
16,7
16,7
[  3]  0,0-60,0 sec   115 GBytes  16,5
------------------------------------------------------------
Client connecting to 11,0,0,21, TCP port 5001
TCP window size: 45,0 KByte (default)
------------------------------------------------------------
[  3] local 11,0,0,17 port 40744 connected with 11,0,0,21 port 5001
[ ID] Interval       Transfer     Bandwidth
[  3]  0,0- 1,0 sec  1,71 GBytes  14,6
[  3]  1,0- 2,0 sec  1,88 GBytes  16,2
[  3]  2,0- 3,0 sec  1,94 GBytes  16,6
[  3]  3,0- 4,0 sec  1,96 GBytes  16,8
[  3]  4,0- 5,0 sec  1,89 GBytes  16,2
[  3]  5,0- 6,0 sec  1,73 GBytes  14,9
[  3]  6,0- 7,0 sec  1,91 GBytes  16,4
[  3]  7,0- 8,0 sec  1,94 GBytes  16,7
[  3]  8,0- 9,0 sec  1,96 GBytes  16,8
[  3]  9,0-10,0 sec  1,95 GBytes  16,7
16,9
16,9
16,7
16,7
16,6
14,3
16,3
16,5
16,5
10,5
13,4
15,3
16,7
14,8
11,2
13,7
9,10
13,5
9,22
13,2
15,3
16,5
16,8
12,7
16,4
16,8
16,7
16,7
16,6
16,6
16,6
16,7
16,7
16,7
16,7
16,6
16,7
16,7
16,9
16,9
16,8
16,8
16,7
16,7
16,8
16,9
16,8
16,8
16,7
16,7
[  3]  0,0-60,0 sec   110 GBytes  15,8
------------------------------------------------------------
Client connecting to 11,0,0,21, TCP port 5001
TCP window size: 45,0 KByte (default)
------------------------------------------------------------
[  3] local 11,0,0,17 port 40745 connected with 11,0,0,21 port 5001
[ ID] Interval       Transfer     Bandwidth
[  3]  0,0- 1,0 sec  1,92 GBytes  16,5
[  3]  1,0- 2,0 sec  1,94 GBytes  16,7
[  3]  2,0- 3,0 sec  1,94 GBytes  16,7
[  3]  3,0- 4,0 sec  1,94 GBytes  16,7
[  3]  4,0- 5,0 sec  1,94 GBytes  16,7
[  3]  5,0- 6,0 sec  1,95 GBytes  16,7
[  3]  6,0- 7,0 sec  1,95 GBytes  16,7
[  3]  7,0- 8,0 sec  1,95 GBytes  16,7
[  3]  8,0- 9,0 sec  1,95 GBytes  16,7
[  3]  9,0-10,0 sec  1,95 GBytes  16,7
16,7
16,7
16,6
16,6
16,6
16,8
14,9
16,2
16,2
16,7
16,7
16,7
16,7
16,7
16,8
16,8
16,7
16,6
16,6
16,6
16,7
16,8
16,8
16,8
16,7
16,6
16,6
16,6
16,6
16,6
16,5
16,5
16,5
16,5
16,5
16,5
16,7
16,8
16,6
16,7
16,7
16,7
16,6
16,6
16,6
16,6
16,7
16,8
16,8
15,0
[  3]  0,0-60,0 sec   116 GBytes  16,6
------------------------------------------------------------
Client connecting to 11,0,0,21, TCP port 5001
TCP window size: 45,0 KByte (default)
------------------------------------------------------------
[  3] local 11,0,0,17 port 40746 connected with 11,0,0,21 port 5001
[ ID] Interval       Transfer     Bandwidth
[  3]  0,0- 1,0 sec  1,77 GBytes  15,2
[  3]  1,0- 2,0 sec  1,81 GBytes  15,6
[  3]  2,0- 3,0 sec  1,88 GBytes  16,1
[  3]  3,0- 4,0 sec  1,93 GBytes  16,5
[  3]  4,0- 5,0 sec  1,94 GBytes  16,7
[  3]  5,0- 6,0 sec  1,95 GBytes  16,7
[  3]  6,0- 7,0 sec  1,94 GBytes  16,6
[  3]  7,0- 8,0 sec  1,92 GBytes  16,5
[  3]  8,0- 9,0 sec  1,93 GBytes  16,6
[  3]  9,0-10,0 sec  1,93 GBytes  16,6
16,6
16,6
16,8
13,9
11,5
14,6
16,7
16,8
16,7
16,7
16,7
16,7
16,7
16,7
16,7
16,6
16,6
16,6
16,6
16,6
16,8
16,8
16,7
16,7
16,8
16,9
16,8
16,7
16,6
16,6
16,3
16,0
16,3
16,6
16,8
16,8
16,8
16,8
15,0
16,4
16,7
16,9
14,8
13,3
16,3
16,7
16,6
16,6
14,9
[  3]  0,0-60,0 sec   114 GBytes  16,3
------------------------------------------------------------
Client connecting to 12,0,0,5, TCP port 5001
TCP window size: 45,0 KByte (default)
------------------------------------------------------------
[  3] local 11,0,0,17 port 59005 connected with 12,0,0,5 port 5001
[ ID] Interval       Transfer     Bandwidth
[  3]  0,0- 1,0 sec   126 MBytes  1,06
[  3]  1,0- 2,0 sec   168 MBytes  1,41
[  3]  2,0- 3,0 sec   230 MBytes  1,93
[  3]  3,0- 4,0 sec   241 MBytes  2,02
[  3]  4,0- 5,0 sec   244 MBytes  2,04
[  3]  5,0- 6,0 sec   224 MBytes  1,87
[  3]  6,0- 7,0 sec   219 MBytes  1,84
[  3]  7,0- 8,0 sec   221 MBytes  1,85
[  3]  8,0- 9,0 sec   222 MBytes  1,86
[  3]  9,0-10,0 sec   220 MBytes  1,85
1,88
2,05
2,05
1,99
2,01
1,98
1,99
1,93
1,99
2,06
2,09
2,03
2,06
2,05
1,96
2,04
2,02
1,98
1,99
2,02
2,05
1,98
2,05
2,07
2,01
1,98
1,98
2,00
2,07
2,11
2,16
2,17
2,16
1,92
1,85
1,86
1,81
1,85
1,85
1,88
1,91
1,93
1,78
1,58
1,68
1,89
1,83
1,89
1,84
1,95
[  3]  0,0-60,0 sec  13,5 GBytes  1,93
------------------------------------------------------------
Client connecting to 12,0,0,5, TCP port 5001
TCP window size: 45,0 KByte (default)
------------------------------------------------------------
[  3] local 11,0,0,17 port 59006 connected with 12,0,0,5 port 5001
[ ID] Interval       Transfer     Bandwidth
[  3]  0,0- 1,0 sec   136 MBytes  1,15
[  3]  1,0- 2,0 sec   160 MBytes  1,34
[  3]  2,0- 3,0 sec   192 MBytes  1,61
[  3]  3,0- 4,0 sec   252 MBytes  2,11
[  3]  4,0- 5,0 sec   239 MBytes  2,00
[  3]  5,0- 6,0 sec   246 MBytes  2,06
[  3]  6,0- 7,0 sec   234 MBytes  1,97
[  3]  7,0- 8,0 sec   238 MBytes  1,99
[  3]  8,0- 9,0 sec   243 MBytes  2,04
[  3]  9,0-10,0 sec   244 MBytes  2,05
2,01
2,03
2,08
2,08
1,97
2,04
1,94
2,01
1,93
2,02
2,04
1,88
1,87
1,87
1,86
1,90
1,91
1,85
1,84
1,86
1,87
2,03
2,06
2,07
2,05
2,01
2,05
2,14
2,03
1,92
1,83
1,88
1,88
1,82
1,97
2,06
2,09
2,09
2,02
2,02
1,97
1,99
1,93
1,90
1,64
1,80
1,89
2,00
2,11
1,95
[  3]  0,0-60,0 sec  13,5 GBytes  1,94
------------------------------------------------------------
Client connecting to 12,0,0,5, TCP port 5001
TCP window size: 45,0 KByte (default)
------------------------------------------------------------
[  3] local 11,0,0,17 port 59007 connected with 12,0,0,5 port 5001
[ ID] Interval       Transfer     Bandwidth
[  3]  0,0- 1,0 sec   235 MBytes  1,97
[  3]  1,0- 2,0 sec   237 MBytes  1,99
[  3]  2,0- 3,0 sec   229 MBytes  1,92
[  3]  3,0- 4,0 sec   232 MBytes  1,95
[  3]  4,0- 5,0 sec   256 MBytes  2,14
[  3]  5,0- 6,0 sec   248 MBytes  2,08
[  3]  6,0- 7,0 sec   253 MBytes  2,12
[  3]  7,0- 8,0 sec   247 MBytes  2,07
[  3]  8,0- 9,0 sec   241 MBytes  2,02
[  3]  9,0-10,0 sec   247 MBytes  2,07
1,98
2,01
1,93
1,96
2,02
2,08
1,98
2,00
1,98
1,96
2,03
2,02
1,98
1,92
1,78
1,89
1,93
1,90
1,83
1,88
1,83
1,85
1,88
1,91
1,99
2,03
2,05
1,84
1,87
1,94
1,92
1,94
2,08
1,99
2,04
1,95
2,00
2,04
1,92
1,94
1,99
2,05
2,06
1,94
1,58
1,83
1,92
1,92
1,92
1,93
[  3]  0,0-60,0 sec  13,7 GBytes  1,96
------------------------------------------------------------
Client connecting to 12,0,0,5, TCP port 5001
TCP window size: 45,0 KByte (default)
------------------------------------------------------------
[  3] local 11,0,0,17 port 59008 connected with 12,0,0,5 port 5001
[ ID] Interval       Transfer     Bandwidth
[  3]  0,0- 1,0 sec   258 MBytes  2,16
[  3]  1,0- 2,0 sec   241 MBytes  2,02
[  3]  2,0- 3,0 sec   236 MBytes  1,98
[  3]  3,0- 4,0 sec   246 MBytes  2,06
[  3]  4,0- 5,0 sec   253 MBytes  2,12
[  3]  5,0- 6,0 sec   255 MBytes  2,14
[  3]  6,0- 7,0 sec   245 MBytes  2,05
[  3]  7,0- 8,0 sec   230 MBytes  1,93
[  3]  8,0- 9,0 sec   239 MBytes  2,01
[  3]  9,0-10,0 sec   230 MBytes  1,93
1,84
1,85
1,86
1,83
1,88
1,89
1,86
1,88
1,89
1,87
2,02
1,98
2,00
2,04
2,04
2,01
1,86
1,88
1,91
1,91
1,89
1,99
1,96
1,98
2,04
1,97
2,02
2,05
2,01
1,97
2,08
2,12
2,01
2,07
1,96
2,02
2,09
1,99
1,98
2,03
2,04
1,94
1,87
1,85
1,81
1,80
1,64
1,88
1,90
1,86
[  3]  0,0-60,0 sec  13,7 GBytes  1,96
------------------------------------------------------------
Client connecting to 12,0,0,5, TCP port 5001
TCP window size: 45,0 KByte (default)
------------------------------------------------------------
[  3] local 11,0,0,17 port 59009 connected with 12,0,0,5 port 5001
[ ID] Interval       Transfer     Bandwidth
[  3]  0,0- 1,0 sec   243 MBytes  2,04
[  3]  1,0- 2,0 sec   240 MBytes  2,01
[  3]  2,0- 3,0 sec   249 MBytes  2,09
[  3]  3,0- 4,0 sec   244 MBytes  2,04
[  3]  4,0- 5,0 sec   250 MBytes  2,09
[  3]  5,0- 6,0 sec   248 MBytes  2,08
[  3]  6,0- 7,0 sec   250 MBytes  2,10
[  3]  7,0- 8,0 sec   241 MBytes  2,02
[  3]  8,0- 9,0 sec   247 MBytes  2,07
[  3]  9,0-10,0 sec   238 MBytes  1,99
1,96
2,09
1,98
2,02
2,01
2,10
1,98
2,02
1,98
2,02
2,00
2,07
2,07
2,01
1,99
2,09
1,98
1,97
1,99
1,97
1,89
1,91
1,94
1,88
1,84
1,88
2,09
1,98
1,98
2,06
2,09
2,02
1,98
2,00
1,92
1,89
1,98
1,98
2,02
2,01
2,09
2,03
1,88
1,93
1,87
1,84
1,68
1,95
1,89
2,00
[  3]  0,0-60,0 sec  13,9 GBytes  1,99
------------------------------------------------------------
Client connecting to 12,0,0,5, TCP port 5001
TCP window size: 45,0 KByte (default)
------------------------------------------------------------
[  3] local 11,0,0,17 port 59010 connected with 12,0,0,5 port 5001
[ ID] Interval       Transfer     Bandwidth
[  3]  0,0- 1,0 sec   231 MBytes  1,94
[  3]  1,0- 2,0 sec   243 MBytes  2,04
[  3]  2,0- 3,0 sec   235 MBytes  1,97
[  3]  3,0- 4,0 sec   235 MBytes  1,97
[  3]  4,0- 5,0 sec   231 MBytes  1,94
[  3]  5,0- 6,0 sec   230 MBytes  1,93
[  3]  6,0- 7,0 sec   237 MBytes  1,99
[  3]  7,0- 8,0 sec   246 MBytes  2,06
[  3]  8,0- 9,0 sec   244 MBytes  2,05
[  3]  9,0-10,0 sec   226 MBytes  1,89
1,96
1,93
1,92
1,96
2,02
2,07
2,14
2,05
2,06
1,97
2,01
2,09
2,11
2,09
1,99
2,03
1,86
1,87
1,92
1,93
1,87
1,89
1,89
1,87
1,89
1,89
1,92
2,04
2,03
1,95
1,93
1,97
1,91
1,89
1,78
1,94
2,13
2,08
2,00
2,10
1,96
2,00
1,98
1,92
1,82
1,83
1,61
1,91
2,01
1,98
[  3]  0,0-60,0 sec  13,7 GBytes  1,96
------------------------------------------------------------
Client connecting to 12,0,0,5, TCP port 5001
TCP window size: 45,0 KByte (default)
------------------------------------------------------------
[  3] local 11,0,0,17 port 59011 connected with 12,0,0,5 port 5001
[ ID] Interval       Transfer     Bandwidth
[  3]  0,0- 1,0 sec   237 MBytes  1,99
[  3]  1,0- 2,0 sec   242 MBytes  2,03
[  3]  2,0- 3,0 sec   242 MBytes  2,03
[  3]  3,0- 4,0 sec   240 MBytes  2,02
[  3]  4,0- 5,0 sec   243 MBytes  2,04
[  3]  5,0- 6,0 sec   248 MBytes  2,08
[  3]  6,0- 7,0 sec   244 MBytes  2,05
[  3]  7,0- 8,0 sec   241 MBytes  2,02
[  3]  8,0- 9,0 sec   237 MBytes  1,99
[  3]  9,0-10,0 sec   242 MBytes  2,03
1,99
1,90
1,83
1,82
1,82
1,81
1,90
2,00
1,86
1,93
1,97
1,95
1,93
1,95
2,09
1,98
2,06
2,05
1,97
1,95
1,93
1,95
2,01
1,93
1,98
1,94
1,84
1,88
1,89
1,93
1,89
2,03
2,08
1,86
1,87
1,86
1,92
1,96
2,03
1,98
1,86
1,95
2,02
2,06
1,96
1,40
991 Mbits/sec
1,14
1,17
1,18
[  3]  0,0-60,0 sec  13,2 GBytes  1,89
------------------------------------------------------------
Client connecting to 12,0,0,5, TCP port 5001
TCP window size: 45,0 KByte (default)
------------------------------------------------------------
[  3] local 11,0,0,17 port 59012 connected with 12,0,0,5 port 5001
[ ID] Interval       Transfer     Bandwidth
[  3]  0,0- 1,0 sec   140 MBytes  1,17
[  3]  1,0- 2,0 sec   177 MBytes  1,49
[  3]  2,0- 3,0 sec   236 MBytes  1,98
[  3]  3,0- 4,0 sec   251 MBytes  2,11
[  3]  4,0- 5,0 sec   246 MBytes  2,06
[  3]  5,0- 6,0 sec   238 MBytes  1,99
[  3]  6,0- 7,0 sec   222 MBytes  1,86
[  3]  7,0- 8,0 sec   224 MBytes  1,88
[  3]  8,0- 9,0 sec   228 MBytes  1,91
[  3]  9,0-10,0 sec   226 MBytes  1,89
1,87
2,03
2,14
2,16
1,94
1,95
1,92
1,94
1,95
1,98
2,07
2,01
2,09
2,13
2,00
2,07
2,11
2,05
1,99
2,01
2,03
2,04
2,00
1,92
1,99
1,92
1,84
1,87
1,92
1,91
1,95
2,09
2,13
2,07
2,04
1,89
1,84
1,87
1,92
1,91
1,93
1,98
2,02
1,97
1,98
1,82
1,78
1,92
1,98
2,00
[  3]  0,0-60,0 sec  13,7 GBytes  1,95
------------------------------------------------------------
Client connecting to 12,0,0,5, TCP port 5001
TCP window size: 45,0 KByte (default)
------------------------------------------------------------
[  3] local 11,0,0,17 port 59013 connected with 12,0,0,5 port 5001
[ ID] Interval       Transfer     Bandwidth
[  3]  0,0- 1,0 sec   237 MBytes  1,99
[  3]  1,0- 2,0 sec   242 MBytes  2,03
[  3]  2,0- 3,0 sec   248 MBytes  2,08
[  3]  3,0- 4,0 sec   245 MBytes  2,06
[  3]  4,0- 5,0 sec   232 MBytes  1,95
[  3]  5,0- 6,0 sec   246 MBytes  2,06
[  3]  6,0- 7,0 sec   239 MBytes  2,00
[  3]  7,0- 8,0 sec   239 MBytes  2,01
[  3]  8,0- 9,0 sec   234 MBytes  1,96
[  3]  9,0-10,0 sec   234 MBytes  1,97
2,03
2,06
1,97
2,06
1,99
2,02
1,98
1,89
1,92
1,96
1,84
1,85
1,83
2,02
1,97
1,99
2,08
1,97
2,00
2,04
2,00
2,01
2,00
1,93
2,02
1,92
1,91
1,92
1,96
2,00
1,92
1,95
1,86
1,92
1,97
1,99
1,99
2,03
1,84
1,87
1,89
1,91
1,95
1,94
2,11
2,07
2,00
1,84
1,68
[  3]  0,0-60,0 sec  13,7 GBytes  1,97
------------------------------------------------------------
Client connecting to 12,0,0,5, TCP port 5001
TCP window size: 45,0 KByte (default)
------------------------------------------------------------
[  3] local 11,0,0,17 port 59014 connected with 12,0,0,5 port 5001
[ ID] Interval       Transfer     Bandwidth
[  3]  0,0- 1,0 sec   244 MBytes  2,05
[  3]  1,0- 2,0 sec   242 MBytes  2,03
[  3]  2,0- 3,0 sec   250 MBytes  2,09
[  3]  3,0- 4,0 sec   237 MBytes  1,99
[  3]  4,0- 5,0 sec   243 MBytes  2,04
[  3]  5,0- 6,0 sec   236 MBytes  1,98
[  3]  6,0- 7,0 sec   238 MBytes  2,00
[  3]  7,0- 8,0 sec   247 MBytes  2,07
[  3]  8,0- 9,0 sec   241 MBytes  2,02
[  3]  9,0-10,0 sec   249 MBytes  2,09
2,00
2,02
1,94
2,04
1,95
2,03
2,09
1,97
2,02
2,03
1,97
1,96
1,92
1,87
1,88
2,05
2,06
1,97
1,88
1,83
1,85
1,85
1,86
1,95
2,01
1,97
1,94
1,89
1,82
1,88
1,91
2,03
2,05
2,10
1,97
2,06
2,09
2,13
2,00
2,06
2,10
1,98
2,06
2,02
1,98
2,09
1,95
2,01
2,08
1,87
[  3]  0,0-60,0 sec  13,9 GBytes  1,99
------------------------------------------------------------
Client connecting to 12,0,0,6, TCP port 5001
TCP window size: 45,0 KByte (default)
------------------------------------------------------------
[  3] local 11,0,0,17 port 57906 connected with 12,0,0,6 port 5001
[ ID] Interval       Transfer     Bandwidth
[  3]  0,0- 1,0 sec  95,1 MBytes   798 Mbits/sec
[  3]  1,0- 2,0 sec   142 MBytes  1,19
[  3]  2,0- 3,0 sec   174 MBytes  1,46
[  3]  3,0- 4,0 sec   181 MBytes  1,52
[  3]  4,0- 5,0 sec   184 MBytes  1,54
[  3]  5,0- 6,0 sec   172 MBytes  1,45
[  3]  6,0- 7,0 sec   170 MBytes  1,43
[  3]  7,0- 8,0 sec   164 MBytes  1,37
[  3]  8,0- 9,0 sec   162 MBytes  1,36
[  3]  9,0-10,0 sec   171 MBytes  1,43
1,53
1,46
1,47
1,46
1,41
1,50
1,41
1,46
1,77
1,41
1,18
1,20
1,21
1,38
1,65
1,76
1,80
1,75
1,83
1,69
1,57
1,63
1,50
1,05
1,56
1,83
1,53
1,53
1,64
1,98
1,81
1,86
1,74
1,82
1,51
1,36
1,56
1,44
1,44
1,42
1,41
1,36
1,36
1,36
1,40
1,52
1,74
1,75
1,39
1,42
[  3]  0,0-60,0 sec  10,5 GBytes  1,51
------------------------------------------------------------
Client connecting to 12,0,0,6, TCP port 5001
TCP window size: 45,0 KByte (default)
------------------------------------------------------------
[  3] local 11,0,0,17 port 57907 connected with 12,0,0,6 port 5001
[ ID] Interval       Transfer     Bandwidth
[  3]  0,0- 1,0 sec   172 MBytes  1,45
[  3]  1,0- 2,0 sec   171 MBytes  1,44
[  3]  2,0- 3,0 sec   176 MBytes  1,47
[  3]  3,0- 4,0 sec   175 MBytes  1,47
[  3]  4,0- 5,0 sec   190 MBytes  1,59
[  3]  5,0- 6,0 sec   176 MBytes  1,48
[  3]  6,0- 7,0 sec   183 MBytes  1,53
[  3]  7,0- 8,0 sec   173 MBytes  1,45
[  3]  8,0- 9,0 sec   180 MBytes  1,51
[  3]  9,0-10,0 sec   174 MBytes  1,46
1,43
1,49
1,46
1,39
1,45
1,42
1,36
1,42
1,43
1,45
1,53
1,45
1,97
1,65
1,54
1,52
1,49
1,76
1,28
1,57
1,49
[  3] 31,0-32,0 sec  74,9 MBytes   628 Mbits/sec
1,08
1,29
1,14
1,25
[  3] 36,0-37,0 sec  47,1 MBytes   395 Mbits/sec
[  3] 37,0-38,0 sec  98,6 MBytes   827 Mbits/sec
1,17
1,39
1,58
1,84
1,74
1,74
1,57
913 Mbits/sec
1,54
1,78
1,99
1,77
945 Mbits/sec
1,34
1,62
[  3] 53,0-54,0 sec  96,6 MBytes   811 Mbits/sec
[  3] 54,0-55,0 sec  63,9 MBytes   536 Mbits/sec
1,44
1,60
1,56
1,55
1,61
[  3]  0,0-60,0 sec  9,90 GBytes  1,42
------------------------------------------------------------
Client connecting to 12,0,0,6, TCP port 5001
TCP window size: 45,0 KByte (default)
------------------------------------------------------------
[  3] local 11,0,0,17 port 57908 connected with 12,0,0,6 port 5001
[ ID] Interval       Transfer     Bandwidth
[  3]  0,0- 1,0 sec   181 MBytes  1,52
[  3]  1,0- 2,0 sec   200 MBytes  1,68
[  3]  2,0- 3,0 sec   211 MBytes  1,77
[  3]  3,0- 4,0 sec   186 MBytes  1,56
[  3]  4,0- 5,0 sec   171 MBytes  1,44
[  3]  5,0- 6,0 sec   173 MBytes  1,45
[  3]  6,0- 7,0 sec   180 MBytes  1,51
[  3]  7,0- 8,0 sec   174 MBytes  1,46
[  3]  8,0- 9,0 sec   169 MBytes  1,42
[  3]  9,0-10,0 sec   171 MBytes  1,44
1,41
1,38
1,43
1,43
1,42
1,38
1,35
1,37
1,36
1,54
1,53
1,45
1,46
1,37
1,42
1,19
1,18
1,22
1,20
1,21
1,21
1,46
1,55
1,55
1,55
1,50
1,44
1,46
1,39
1,42
1,37
1,40
1,37
1,39
1,40
1,38
1,37
1,37
1,39
1,46
1,43
1,45
1,42
1,41
1,51
1,43
1,41
1,50
1,68
1,80
[  3]  0,0-60,0 sec  10,0 GBytes  1,43
------------------------------------------------------------
Client connecting to 12,0,0,6, TCP port 5001
TCP window size: 45,0 KByte (default)
------------------------------------------------------------
[  3] local 11,0,0,17 port 57909 connected with 12,0,0,6 port 5001
[ ID] Interval       Transfer     Bandwidth
[  3]  0,0- 1,0 sec   130 MBytes  1,09
[  3]  1,0- 2,0 sec   159 MBytes  1,34
[  3]  2,0- 3,0 sec   172 MBytes  1,44
[  3]  3,0- 4,0 sec   182 MBytes  1,52
[  3]  4,0- 5,0 sec   167 MBytes  1,40
[  3]  5,0- 6,0 sec   164 MBytes  1,38
[  3]  6,0- 7,0 sec   166 MBytes  1,39
[  3]  7,0- 8,0 sec   174 MBytes  1,46
[  3]  8,0- 9,0 sec   176 MBytes  1,48
[  3]  9,0-10,0 sec   167 MBytes  1,40
1,41
1,44
1,41
1,54
1,43
1,40
1,40
1,36
1,36
1,40
1,06
1,40
1,63
1,56
1,10
967 Mbits/sec
960 Mbits/sec
1,42
1,09
1,40
1,77
1,74
1,76
1,91
1,79
1,74
1,89
1,72
1,67
1,64
1,69
1,97
1,95
1,88
1,99
1,86
1,90
1,81
1,95
1,42
1,17
1,37
1,41
1,41
1,39
1,51
1,46
1,46
1,47
1,42
[  3]  0,0-60,0 sec  10,6 GBytes  1,51
------------------------------------------------------------
Client connecting to 12,0,0,6, TCP port 5001
TCP window size: 45,0 KByte (default)
------------------------------------------------------------
[  3] local 11,0,0,17 port 57910 connected with 12,0,0,6 port 5001
[ ID] Interval       Transfer     Bandwidth
[  3]  0,0- 1,0 sec   189 MBytes  1,59
[  3]  1,0- 2,0 sec   187 MBytes  1,57
[  3]  2,0- 3,0 sec   190 MBytes  1,59
[  3]  3,0- 4,0 sec   169 MBytes  1,42
[  3]  4,0- 5,0 sec   166 MBytes  1,40
[  3]  5,0- 6,0 sec   167 MBytes  1,40
[  3]  6,0- 7,0 sec   168 MBytes  1,41
[  3]  7,0- 8,0 sec   177 MBytes  1,49
[  3]  8,0- 9,0 sec   176 MBytes  1,47
[  3]  9,0-10,0 sec   169 MBytes  1,42
1,41
1,51
1,45
1,41
1,45
1,42
1,43
1,45
1,42
1,38
1,37
1,58
1,59
1,48
1,79
1,43
1,44
1,41
1,42
1,55
1,75
1,77
1,99
1,78
1,50
1,46
1,37
1,36
1,38
1,36
1,41
1,39
1,35
1,43
1,52
1,45
1,62
1,75
1,73
1,93
1,75
1,69
1,91
1,47
1,27
1,53
1,66
1,59
1,55
1,50
[  3]  0,0-60,0 sec  10,6 GBytes  1,52
------------------------------------------------------------
Client connecting to 12,0,0,6, TCP port 5001
TCP window size: 45,0 KByte (default)
------------------------------------------------------------
[  3] local 11,0,0,17 port 57911 connected with 12,0,0,6 port 5001
[ ID] Interval       Transfer     Bandwidth
[  3]  0,0- 1,0 sec   198 MBytes  1,66
[  3]  1,0- 2,0 sec   190 MBytes  1,59
[  3]  2,0- 3,0 sec   192 MBytes  1,61
[  3]  3,0- 4,0 sec   214 MBytes  1,80
[  3]  4,0- 5,0 sec   245 MBytes  2,05
[  3]  5,0- 6,0 sec   216 MBytes  1,81
[  3]  6,0- 7,0 sec   185 MBytes  1,55
[  3]  7,0- 8,0 sec   178 MBytes  1,49
[  3]  8,0- 9,0 sec   152 MBytes  1,27
[  3]  9,0-10,0 sec   142 MBytes  1,19
1,21
1,23
1,21
1,19
1,20
1,21
1,19
1,34
1,96
1,74
1,71
1,99
1,98
1,95
1,80
1,73
1,70
1,73
1,52
1,55
1,51
1,51
1,24
1,24
1,25
1,25
1,22
1,21
1,16
1,14
1,16
1,35
1,48
1,43
1,53
1,52
1,54
1,45
1,52
1,42
1,36
1,37
1,36
1,37
1,38
1,46
1,44
1,40
1,36
1,36
[  3]  0,0-60,0 sec  10,3 GBytes  1,47
------------------------------------------------------------
Client connecting to 12,0,0,6, TCP port 5001
TCP window size: 45,0 KByte (default)
------------------------------------------------------------
[  3] local 11,0,0,17 port 57912 connected with 12,0,0,6 port 5001
[ ID] Interval       Transfer     Bandwidth
[  3]  0,0- 1,0 sec   190 MBytes  1,59
[  3]  1,0- 2,0 sec   181 MBytes  1,52
[  3]  2,0- 3,0 sec   181 MBytes  1,52
[  3]  3,0- 4,0 sec   176 MBytes  1,48
[  3]  4,0- 5,0 sec   173 MBytes  1,45
[  3]  5,0- 6,0 sec   180 MBytes  1,51
[  3]  6,0- 7,0 sec   175 MBytes  1,47
[  3]  7,0- 8,0 sec   197 MBytes  1,65
[  3]  8,0- 9,0 sec   211 MBytes  1,77
[  3]  9,0-10,0 sec   218 MBytes  1,83
1,77
1,74
1,92
2,08
1,58
1,60
1,24
1,18
1,18
1,15
1,18
1,21
1,27
1,42
1,45
1,32
1,13
1,14
1,21
1,21
1,22
1,36
1,66
1,45
1,55
1,46
1,39
1,38
1,38
1,39
1,37
1,37
1,46
1,50
1,67
1,72
1,75
1,73
1,87
1,87
2,03
1,84
1,72
1,50
[  3] 54,0-55,0 sec  91,5 MBytes   768 Mbits/sec
1,13
1,35
1,52
1,48
1,93
[  3]  0,0-60,0 sec  10,4 GBytes  1,49
------------------------------------------------------------
Client connecting to 12,0,0,6, TCP port 5001
TCP window size: 45,0 KByte (default)
------------------------------------------------------------
[  3] local 11,0,0,17 port 57913 connected with 12,0,0,6 port 5001
[ ID] Interval       Transfer     Bandwidth
[  3]  0,0- 1,0 sec   199 MBytes  1,67
[  3]  1,0- 2,0 sec   207 MBytes  1,73
[  3]  2,0- 3,0 sec   208 MBytes  1,75
[  3]  3,0- 4,0 sec   206 MBytes  1,72
[  3]  4,0- 5,0 sec   181 MBytes  1,52
[  3]  5,0- 6,0 sec   195 MBytes  1,64
[  3]  6,0- 7,0 sec   166 MBytes  1,39
[  3]  7,0- 8,0 sec   172 MBytes  1,44
[  3]  8,0- 9,0 sec   163 MBytes  1,37
[  3]  9,0-10,0 sec   165 MBytes  1,39
1,38
1,43
1,56
1,74
1,69
1,83
1,89
1,79
1,49
1,42
1,43
1,39
1,43
1,52
1,42
1,35
1,37
1,45
1,37
1,36
1,38
1,43
1,57
1,97
1,84
1,80
1,78
1,57
1,58
1,59
1,56
1,48
1,49
1,50
1,44
1,48
1,50
1,47
1,53
1,46
1,45
1,45
1,42
1,45
1,51
1,54
1,44
1,44
1,45
1,44
[  3]  0,0-60,0 sec  10,7 GBytes  1,53
------------------------------------------------------------
Client connecting to 12,0,0,6, TCP port 5001
TCP window size: 45,0 KByte (default)
------------------------------------------------------------
[  3] local 11,0,0,17 port 57914 connected with 12,0,0,6 port 5001
[ ID] Interval       Transfer     Bandwidth
[  3]  0,0- 1,0 sec   178 MBytes  1,49
[  3]  1,0- 2,0 sec   120 MBytes  1,01
[  3]  2,0- 3,0 sec   182 MBytes  1,52
[  3]  3,0- 4,0 sec   139 MBytes  1,16
[  3]  4,0- 5,0 sec   174 MBytes  1,46
[  3]  5,0- 6,0 sec   173 MBytes  1,45
[  3]  6,0- 7,0 sec   175 MBytes  1,47
[  3]  7,0- 8,0 sec   172 MBytes  1,44
[  3]  8,0- 9,0 sec   173 MBytes  1,45
[  3]  9,0-10,0 sec   181 MBytes  1,52
1,44
1,44
1,42
1,48
1,35
1,42
1,37
1,34
1,34
1,38
1,41
1,40
1,40
1,40
1,40
1,40
1,43
1,84
1,99
1,59
1,51
1,65
1,69
1,72
2,00
1,81
1,76
1,92
1,92
1,75
1,50
1,66
1,69
1,27
1,27
1,57
1,55
1,46
1,41
1,47
1,78
1,80
1,69
1,68
2,06
1,78
1,69
1,71
1,73
1,95
[  3]  0,0-60,0 sec  10,9 GBytes  1,56
------------------------------------------------------------
Client connecting to 12,0,0,6, TCP port 5001
TCP window size: 45,0 KByte (default)
------------------------------------------------------------
[  3] local 11,0,0,17 port 57915 connected with 12,0,0,6 port 5001
[ ID] Interval       Transfer     Bandwidth
[  3]  0,0- 1,0 sec   192 MBytes  1,61
[  3]  1,0- 2,0 sec   234 MBytes  1,96
[  3]  2,0- 3,0 sec   213 MBytes  1,79
[  3]  3,0- 4,0 sec   237 MBytes  1,99
[  3]  4,0- 5,0 sec   216 MBytes  1,81
[  3]  5,0- 6,0 sec   205 MBytes  1,72
[  3]  6,0- 7,0 sec   186 MBytes  1,56
[  3]  7,0- 8,0 sec   190 MBytes  1,60
[  3]  8,0- 9,0 sec   188 MBytes  1,57
[  3]  9,0-10,0 sec  62,6 MBytes   525 Mbits/sec
[  3] 10,0-11,0 sec  95,8 MBytes   803 Mbits/sec
1,48
2,05
1,81
1,76
1,68
1,66
1,57
1,58
1,46
1,46
1,48
1,39
1,39
1,35
1,39
1,41
1,54
1,43
1,41
1,44
1,47
1,37
1,36
1,35
1,36
1,59
1,73
1,71
2,01
1,90
1,73
1,82
1,80
1,54
1,60
1,65
2,06
2,07
1,79
1,63
1,68
2,00
1,99
1,95
1,88
1,97
1,66
1,36
1,39
[  3]  0,0-60,0 sec  11,3 GBytes  1,62
